15971
15971
16097
16097
16097
16097
16097
16097
16097
16079
16079
16079
16097
16079
16097
16079
16097
16079
16097
16079
12245
12245
12245
16079
16079
16079
16097
16097
16097
16097
16097
16097
16097
16097
16097
16097
16097
16079
16097
16079
16097
16079
16097
16079
16097
16079
16097
16079
12245
12245
12245
15593
15593
15593
16097
16097
16097
16097
16097
16097
16079
16097
16079
16097
16079
16097
16079
16097
16079
16097
16079
12245
12245
12245
15755
15755
15755
16079
16097
16097
16097
16097
16097
16097
16079
16097
16079
16097
16079
16097
16079
16097
16079
16079
12245
12245
12245
15971
15971
15971
16079
16097
16097
16079
16097
16097
16097
16097
16097
16079
16097
16079
16097
16079
16097
16079
16097
16079
16097
16079
12245
12245
12245
16079
16079
16079
16079
16079
16097
16097
16097
16097
16097
16097
16097
16097
16097
16079
16097
16079
16097
16079
16097
16079
16097
16079
16097
16079
12245
12245
12245
15593
15593
15593
16097
16097
16097
16097
16097
16097
16079
16097
16079
16097
16079
16097
16079
16097
16079
16097
16079
12245
12245
12245
15755
15755
15755
16079
16097
16097
16097
16097
16097
16097
16097
16079
16097
16079
16097
16079
16097
16079
16097
16079
16097
16079
12245
12245
12245
15971
15971
15971
16079
16097
16097
16097
16097
16097
16097
16097
16097
16079
16097
16079
16097
16079
16097
16079
16097
16079
16097
16079
12245
12245
12245
16097
16079
16079
16079
16097
16079
16097
16097
16097
16097
16097
16097
16097
16079
16097
16079
16097
16079
16097
16079
16097
16079
16097
16079
12245
12245
12245
15593
15593
15593
16097
16079
16097
16097
16097
16097
16079
16097
16079
16097
16079
16097
16079
16097
16079
16097
16079
12245
12245
12245
15755
15755
15755
16079
16097
16097
16097
16097
16097
16097
16079
16097
16079
16097
16079
16097
16079
16097
16097
16079
12245
12245
12245
15971
15971
15971
16079
16097
16097
16097
16079
16097
16097
16061
16097
16079
16097
16079
16097
16079
16097
16079
16097
16079
16097
16079
12245
12245
12245
16061
16079
16079
16079
16097
16097
16097
16097
16097
16097
16097
16097
16097
16079
16097
16079
16097
16079
16097
16097
16079
16097
16079
12245
12245
12245
15593
15593
15593
16097
16097
16097
16097
16097
16097
16079
16097
16079
16097
16079
16097
16079
16097
16079
16097
16079
12245
12245
12245
15755
15755
15755
16079
16097
16079
16097
16097
16097
16097
16079
16097
