     18
      8
     39
      3
      3
      3
      3
      5
      9
      3
      1
    100
     99
     86
     70
     35
    100
     49
     95
     37
     80
    100
     32
     95
     13
      5
     55
      6
      3
      3
      2
      2
      2
      5
     20
      8
     29
      1
     99
     89
     68
     33
    100
     82
     66
     36
    100
     82
     45
    100
     93
     90
      4
      6
      9
      2
      2
      3
      5
      9
      1
    100
     95
     90
     52
     51
     95
     76
     42
    100
     86
     51
    100
     99
     84
      4
      7
      9
      3
      3
      3
      4
      7
     11
      1
     99
     57
    100
     72
     57
     32
    100
     73
    100
     65
    100
     18
     82
      4
      6
      3
      3
      3
      3
      3
      2
      5
      9
      2
      1
     99
     89
     56
    100
     98
     64
     56
    100
     93
     55
     31
    100
     58
     82
     13
      4
      9
      7
      3
      3
      2
      3
      3
      5
      8
     12
      3
      1
     99
     89
     65
     33
    100
     81
     72
     36
    100
     64
     62
    100
      6
     89
      4
      7
      5
      3
      3
      5
      5
     54
      1
     99
     89
     68
     35
    100
     73
     54
     33
    100
     64
     42
    100
     77
     85
      4
      9
     14
      5
      2
      3
      3
      4
      8
     46
      1
    100
    100
     93
     53
     55
     99
     89
     54
     55
     97
     63
    100
     15
     81
      4
      6
      3
      3
      3
      3
      3
     18
      4
      9
     11
      1
     99
     69
    100
     67
     54
    100
     97
     59
     55
    100
     77
    100
     28
     83
     12
      6
     56
      2
      2
      3
      3
      3
     20
      5
      6
      2
      1
     99
     88
    100
     85
     70
     33
    100
     78
     59
     34
     86
    100
     37
     83
      4
      8
     49
      4
      3
      3
      4
      7
      1
     99
     87
     68
     95
     80
     43
    100
     83
     68
     35
     97
    100
     48
     76
      5
      7
      4
      3
      1
      2
      5
      9
      1
      1
     99
     77
    100
     66
     64
    100
    100
    100
     89
     82
    100
     33
     82
      5
      7
     56
      3
      3
      3
      3
      1
      4
     27
     42
      1
    100
     89
    100
     61
     55
    100
     90
     53
     54
     92
     57
    100
     11
     78
     11
      5
     57
      7
      2
      2
      3
      3
      5
      6
     14
      2
      1
     93
     89
    100
     82
     67
     99
     88
     60
     35
     84
    100
     35
     81
      4
      8
      5
      2
      2
     17
      5
     74
      1
    100
     96
     89
     49
     53
     92
     75
     37
    100
     82
     47
    100
     92
     84
      4
      9
      9
      2
      2
      2
      2
      5
     30
      1
    100
