     34
    100
     42
     98
     59
     52
     12
     49
     78
     24
    100
     18
     67
     31
    100
     39
     99
     44
     56
    100
     39
    100
     40
    100
     48
     58
     73
     15
     52
     44
    100
     43
     97
     61
     52
     64
     47
     88
     14
    100
     21
     62
     32
    100
     35
     97
     41
     59
    100
     40
    100
     43
     84
     16
     41
     10
      9
     91
      0
      0
      0
     20
     28
     41
      0
      0
      0
     43
     57
      0
      0
      8
      0
      4
      0
      0
      4
      0
